 <pre>

 Contingency table for Visibility (m)
 Selection: ALL    537 stations
Period: 20230207-20230221
Used {00,03,...,21} + 00 03
 Limits    1000.00000       5000.00000       10000.0000       20000.0000    
 Each class is data <= limit, the very last > last limit
 Total number of values      115200
                                     OBSERVATION
                                   3312     2072      655      425      492 |      6956
                                   1290     4099     3095     2775     2755 |     14014
                         envar      480     1767     3018     4746     6146 |     16157
                                    178      900     2160     4723     9266 |     17227
                                   1598     5127     8667    15735    29719 |     60846

                    SUM            6858    13965    17595    28404    48378 |    115200
                                     OBSERVATION
                                   3428     2368      868      521      579 |      7764
                                   1230     3929     3024     3013     2853 |     14049
                         3dvar      487     1855     3124     4622     6203 |     16291
                                    195      830     2209     5032     9564 |     17830
                                   1518     4983     8370    15216    29179 |     59266

                    SUM            6858    13965    17595    28404    48378 |    115200

