 <pre>

 Contingency table for Visibility (m)
 Selection: ALL    537 stations
Period: 20230207-20230214
Used {00,03,...,21} + 00 03
 Limits    1000.00000       5000.00000       10000.0000       20000.0000    
 Each class is data <= limit, the very last > last limit
 Total number of values       57791
                                     OBSERVATION
                                   1138      779      339      266      235 |      2757
                                    523     1411     1447     1454     1361 |      6196
                         envar      144      636     1497     2539     2555 |      7371
                                     66      313     1109     2866     4837 |      9191
                                    599     2072     4629     9470    15506 |     32276

                    SUM            2470     5211     9021    16595    24494 |     57791
                                     OBSERVATION
                                   1144      836      385      306      289 |      2960
                                    500     1332     1372     1559     1377 |      6140
                         3dvar      168      710     1612     2448     2582 |      7520
                                     75      316     1176     3116     4903 |      9586
                                    583     2017     4476     9166    15343 |     31585

                    SUM            2470     5211     9021    16595    24494 |     57791

