 <pre>

 Contingency table for Cloud cover (octas)
 Selection: ALL    489 stations
Period: 20230207-20230221
Used {00,03,...,21} + 03
 Limits   0.500000000       1.50000000       2.50000000       3.50000000       4.50000000       5.50000000       6.50000000       7.50000000    
 Each class is data <= limit, the very last > last limit
 Total number of values       49594
                                                       OBSERVATION
                                   6094      758      291      199      158      138      138      234      733 |      8743
                                    572      111       80       69       53       61       66      115      224 |      1351
                                    317       52       37       37       42       41       49       77      188 |       840
                                    215       57       38       35       26       28       35       97      174 |       705
                         envar      225       41       34       34       28       25       40       80      177 |       684
                                    241       43       39       24       32       27       36       88      224 |       754
                                    377       67       54       49       48       51       63      144      311 |      1164
                                    571      103       76       84       69       94       87      286      648 |      2018
                                   2523      546      353      389      364      593      852     5462    22253 |     33335

                    SUM           11135     1778     1002      920      820     1058     1366     6583    24932 |     49594
                                                       OBSERVATION
                                   5679      682      268      170      151      128      124      220      679 |      8101
                                    563      107       65       61       42       49       58      118      241 |      1304
                                    341       64       35       32       37       36       36       98      182 |       861
                                    283       39       31       28       23       37       39       83      156 |       719
                         3dvar      244       48       29       33       28       34       37      102      166 |       721
                                    254       60       26       34       30       38       46       95      200 |       783
                                    414       72       49       40       36       36       59      152      341 |      1199
                                    624      113       77       94       65       91       86      299      700 |      2149
                                   2733      593      422      428      408      609      881     5416    22267 |     33757

                    SUM           11135     1778     1002      920      820     1058     1366     6583    24932 |     49594

