 <pre>

 Contingency table for Cloud cover (octas)
 Selection: ALL    488 stations
Period: 20230207-20230214
Used {00,03,...,21} + 03
 Limits   0.500000000       1.50000000       2.50000000       3.50000000       4.50000000       5.50000000       6.50000000       7.50000000    
 Each class is data <= limit, the very last > last limit
 Total number of values       25000
                                                       OBSERVATION
                                   4081      549      191      128      104       92       85      156      342 |      5728
                                    331       71       54       35       29       41       38       74      133 |       806
                                    194       31       21       15       27       19       19       49      107 |       482
                                    133       30       21       16       14       17       22       59       90 |       402
                         envar      140       27       21       12       13       16       15       45       99 |       388
                                    157       26       26       12       13       17       12       42      116 |       421
                                    257       43       41       29       23       23       34       73      137 |       660
                                    370       65       44       46       37       52       39      151      315 |      1119
                                   1598      329      177      198      189      299      417     2274     9513 |     14994

                    SUM            7261     1171      596      491      449      576      681     2923    10852 |     25000
                                                       OBSERVATION
                                   3767      494      189      107      101       89       78      165      352 |      5342
                                    339       73       41       35       28       32       32       74      150 |       804
                                    230       37       15       17       20       26       21       67       96 |       529
                                    178       33       17       12       11       19       17       52       82 |       421
                         3dvar      159       32       15       18       13       15       15       61       91 |       419
                                    165       37       14       14       15       19       24       59      104 |       451
                                    278       48       28       23       17       22       29       80      185 |       710
                                    390       70       55       49       28       44       39      163      316 |      1154
                                   1755      347      222      216      216      310      426     2202     9476 |     15170

                    SUM            7261     1171      596      491      449      576      681     2923    10852 |     25000

